0.7071 
-0.7071 
0.7410 
-0.6716 
0.8315 
-0.5556 
0.9415 
-0.3369 
1.0000 
-0.0000 
0.9040 
0.4276 
0.5556 
0.8315 
-0.0491 
0.9988 
-0.7071 
0.7071 
-0.9988 
-0.0491 
-0.5556 
-0.8315 
0.4276 
-0.9040 
1.0000 
0.0000 
0.3369 
0.9415 
-0.8315 
0.5556 
-0.6716 
-0.7410 
0.7071 
-0.7071 
0.6716 
0.7410 
-0.8315 
0.5556 
-0.3369 
-0.9415 
1.0000 
0.0000 
-0.4276 
0.9040 
-0.5556 
-0.8315 
0.9988 
0.0491 
-0.7071 
0.7071 
0.0491 
-0.9988 
0.5556 
0.8315 
-0.9040 
-0.4276 
1.0000 
0.0000 
-0.9415 
0.3369 
0.8315 
-0.5556 
-0.7410 
0.6716 
0.7071 
-0.7071 
-0.7410 
0.6716 
0.8315 
-0.5556 
-0.9415 
0.3369 
1.0000 
-0.0000 
-0.9040 
-0.4276 
0.5556 
0.8315 
0.0491 
-0.9988 
-0.7071 
0.7071 
0.9988 
0.0491 
-0.5556 
-0.8315 
-0.4276 
0.9040 
1.0000 
0.0000 
-0.3369 
-0.9415 
-0.8315 
0.5556 
0.6716 
0.7410 
0.7071 
-0.7071 
-0.6716 
-0.7410 
-0.8315 
0.5556 
0.3369 
0.9415 
1.0000 
0.0000 
0.4276 
-0.9040 
-0.5556 
-0.8315 
-0.9988 
-0.0491 
-0.7071 
0.7071 
-0.0491 
0.9988 
0.5556 
0.8315 
0.9040 
0.4276 
1.0000 
0.0000 
0.9415 
-0.3369 
0.8315 
-0.5556 
0.7410 
-0.6716 
0.7071 
-0.7071 
0.7410 
-0.6716 
0.8315 
-0.5556 
0.9415 
-0.3369 
1.0000 
-0.0000 
0.9040 
0.4276 
0.5556 
0.8315 
-0.0491 
0.9988 
-0.7071 
0.7071 
-0.9988 
-0.0491 
-0.5556 
-0.8315 
0.4276 
-0.9040 
1.0000 
0.0000 
0.3369 
0.9415 
-0.8315 
0.5556 
-0.6716 
-0.7410 
0.7071 
-0.7071 
0.6716 
0.7410 
-0.8315 
0.5556 
-0.3369 
-0.9415 
1.0000 
0.0000 
-0.4276 
0.9040 
-0.5556 
-0.8315 
0.9988 
0.0491 
-0.7071 
0.7071 
0.0491 
-0.9988 
0.5556 
0.8315 
-0.9040 
-0.4276 
1.0000 
0.0000 
-0.9415 
0.3369 
0.8315 
-0.5556 
-0.7410 
0.6716 
0.7071 
-0.7071 
-0.7410 
0.6716 
0.8315 
-0.5556 
-0.9415 
0.3369 
1.0000 
-0.0000 
-0.9040 
-0.4276 
0.5556 
0.8315 
0.0491 
-0.9988 
-0.7071 
0.7071 
0.9988 
0.0491 
-0.5556 
-0.8315 
-0.4276 
0.9040 
1.0000 
0.0000 
-0.3369 
-0.9415 
-0.8315 
0.5556 
0.6716 
0.7410 
0.7071 
-0.7071 
-0.6716 
-0.7410 
-0.8315 
0.5556 
0.3369 
0.9415 
1.0000 
0.0000 
0.4276 
-0.9040 
-0.5556 
-0.8315 
-0.9988 
-0.0491 
-0.7071 
0.7071 
-0.0491 
0.9988 
0.5556 
0.8315 
0.9040 
0.4276 
1.0000 
0.0000 
0.9415 
-0.3369 
0.8315 
-0.5556 
0.7410 
-0.6716 